% Graph saved at Mon Nov 28 2022 20:25:23 GMT+0100 (Central European Standard Time)
n 217 221 0
n 403 214 1
n 118 460 2
n 645 217 3
n 402 449 4
n 245 286 5
n 580 154 6
n 448 57 7
n 146 174 8
n 453 305 9
e 0 5 343
e 5 0 343
e 1 6 954
e 6 1 954
e 1 5 879
e 5 1 879
e 2 5 1054
e 5 2 1054
e 2 4 1364
e 4 2 1364
e 3 6 433
e 6 3 433
e 4 5 1106
e 5 4 1106
e 8 0 464
e 0 8 464
e 7 1 811
e 7 0 1435
e 0 7 1435
e 1 7 811
e 6 7 837
e 7 6 837
e 9 4 766
e 4 9 766
e 9 3 1053
e 3 9 1053
e 9 1 524
e 1 9 524
